2.78742145195685e+01
2.58499695428435e+01
3.72579994418227e+01
2.03245672886614e+00
3.03321632201908e+01
2.69779466831467e+01
1.62206523637738e+01
2.19960029673832e+01
2.52150065131606e+01
1.29765455706292e+01
1.01479488976813e+01
1.66008529797734e+01
2.54160661695100e+01
2.80089427671580e+01
3.22680559311618e+01
2.92612491453380e+01
3.54137515564022e+01
3.69899451410751e+01
2.54772375991684e+01
2.88548713341997e+01
3.35517521810318e+01
3.15562240012046e+01
4.17253726831876e+01
3.94958215333262e+01
4.07825138263534e+01
4.44507184010135e+01
2.77827422044744e+01
2.81862892527964e+01
2.59731885941813e+01
2.39487142799203e+01
2.30920404864731e+01
2.07268682745179e+01
2.59069782052287e+01
2.36785733662822e+01
2.25231576059791e+01
1.94310019751303e+01
1.72044381561239e+01
2.98665038299948e+01
3.37928499295531e+01
3.59169271045332e+01
4.15593100966929e+01
1.69403427907127e+01
3.06746241131077e+01
3.91709194007993e+01
4.60457674567191e+01
4.75043471883698e+01
5.63668314793514e+01
6.12613856996354e+01
3.33962613583924e+01
2.25344741927116e+01
1.20614708686520e+01
1.76693906022582e+01
1.65117245371551e+01
2.38024425592511e+01
2.18176343768812e+01
2.86766082124240e+01
3.10430212654352e+01
3.32827411181498e+01
3.49322108427189e+01
2.36187906990814e+01
2.09362755500181e+01
2.77349938550659e+01
6.23754528498152e+00
2.58120972903132e+01
1.61822771978001e+01
2.16166872669892e+01
2.94346847240444e+01
3.25472221014154e+01
4.11981885340770e+01
4.69144023877756e+01
5.36966816152271e+01
6.21731532553854e+01
1.32642865962656e+01
2.35233721687606e+01
2.65675192000837e+01
2.99986022407205e+01
3.24912577757988e+01
3.69411727372118e+01
3.67087325778364e+01
1.98926340997410e+01
2.38026975647839e+01
2.89518595918783e+01
1.41489410525567e+01
7.60145521542004e+00
2.07086706720289e+01
3.15721469390056e+01
2.56728404331498e+01
2.31187669366899e+01
1.04635123365122e+01
1.34976287781764e+01
1.67593702728923e+01
8.14452848857663e+00
1.11558649119497e+01
4.52655578019988e+01
1.80968734144941e+01
1.18385061373592e+01
2.73563956828336e+01
2.53467524759135e+01
2.31417191303109e+01
2.17507288963370e+01
1.79123676252472e+01
1.51174799049473e+01
1.98203032367268e+01
4.15922908695206e+01
3.51899878284124e+01
1.25605797778479e+01
8.17627312573759e+00
9.73631313498928e+00
1.70367744325959e+01
1.90070472645347e+01
1.81336280655730e+01
3.74924015503951e+01
3.21714358383147e+01
2.12669291693241e+01
1.88891693191974e+01
2.17193147996026e+01
1.97160347883260e+01
1.21845208931785e+01
9.93350742735608e+00
2.35377161116833e+01
3.34432999079386e+01
1.87766942414150e+01
1.26857490530089e+01
2.86145808507237e+01
1.78919756426117e+01
9.46635130896401e+00
2.77471757941234e+01
3.08884820681959e+01
3.50014282523821e+01
4.18268307446019e+01
4.28718987839104e+01
4.23380996859547e+01
3.88566503256524e+01
2.11456965816862e+01
3.77815426208297e+01
6.85392942042748e+01
5.16865977292565e+01
1.43137683494289e+01
1.18184919535074e+02
3.46791037495636e+01
3.53940947062132e+01
2.76058136814889e+01
1.08647835953396e+01
9.99104006029830e+00
9.13892269623073e+00
1.08604400839660e+01
1.45261691183203e+01
4.89421636466468e+01
2.26708342192470e+01
1.57929001951290e+01
4.40131757982824e+01
6.20561825311920e+01
5.22174060626315e+01
3.18113239765514e+01
3.36802351291350e+01
5.03163223890488e+01
3.10451981007468e+01
2.31285516842092e+01
3.14849216792163e+01
1.33107328863523e+01
1.64679942570736e+01
2.29279720126403e+01
8.89191044781865e+01
2.84353030366408e+01
3.51774035968076e+01
3.86534430658960e+01
4.94784236289737e+01
2.70605836035481e+01
3.07868910020317e+01
2.31689165980704e+01
5.98212328340553e+01
1.03943924171836e+01
2.48052409087430e+01
5.88613287612359e+01
4.77765852337938e+01
3.10562054470977e+01
3.34227242153567e+01
4.32976153836309e+01
4.64113657104551e+01
3.25942604138445e+01
2.65492814800976e+01
2.52351172358937e+01
1.22455880541804e+01
6.97534912066850e+00
2.41783204391366e+01
2.38282495490077e+01
2.78069550272442e+01
2.10546266579450e+01
2.36308779713963e+01
1.50950388146134e+01
1.15841753457545e+01
1.07823624481538e+01
1.48551077992693e+01
2.87057663009247e+01
2.78046732583057e+01
1.79101535837633e+01
1.31225147521672e+01
1.52938090657598e+01
1.06438898771010e+01
1.77733651574812e+01
8.09997469676055e+00
1.59795583400484e+01
1.49616233552391e+01
2.02430629779638e+01
2.20420542477168e+01
2.59046613908902e+01
3.88013574664446e+01
1.29350080284858e+01
2.56189269231297e+01
1.28932616385824e+01
1.03261587149932e+01
1.58639310026970e+01
1.55123155237307e+01
7.11970608790106e+00
1.11712432441184e+01
1.39637715921484e+01
1.24265236562921e+01
1.91487849414015e+01
3.01034419106362e+01
3.53682442601261e+01
1.65821460422977e+01
9.52700410646245e+00
7.92256433847774e+00
1.41258056799231e+01
2.20650868110272e+01
1.80957026562956e+01
1.65403530728324e+01
1.34370253519427e+01
1.32951280853500e+01
3.12635874510694e+01
2.67794021556874e+01
2.72020856210548e+01
3.12869539930488e+01
3.04718154170060e+01
2.89634661996508e+01
2.82524037177880e+01
8.22284462745843e+00
9.96073697134316e+00
2.23976391031070e+01
6.05424256845670e+00
1.34959709622087e+01
1.55670060252123e+01
1.77444135223770e+01
2.28168965426759e+01
1.52847264602661e+01
2.21269911499974e+01
2.32074202110097e+01
2.42745793767323e+01
2.54164890928824e+01
2.62353220757710e+01
3.02062581599410e+01
2.31633839324415e+01
2.30565349822694e+01
2.25102960416482e+01
2.56785877104735e+01
2.69668454370133e+01
3.43633401388541e+01
3.13310616190401e+01
2.36121680667216e+01
2.43931243557038e+01
1.85177835290165e+01
1.62462180512184e+01
8.97262924668214e+00
1.81074743298151e+01
2.39519700526678e+01
3.15715014509680e+01
2.47151455211119e+01
3.50181735320373e+01
2.30820317652696e+01
2.20190803012359e+01
3.20563252188456e+01
2.70958371912247e+01
3.78756078936974e+01
2.88074814295052e+01
2.91349896385689e+01
3.60382503951691e+01
3.24086997393821e+01
2.95625476796692e+01
3.11868633147371e+01
3.36542501139216e+01
3.01275205629799e+01
2.37682202826720e+01
1.79855097269729e+01
6.52600538761609e+00
1.48817160525049e+01
3.65222533381558e+01
4.06274444654183e+01
2.49693294640278e+01
4.50771631245629e+01
3.29096583915998e+01
4.79558837426557e+01
1.66958480900417e+01
3.30041117353212e+01
3.40729499390053e+01
2.36140489405089e+01
3.25158825834741e+01
2.75023815807561e+01
3.34331656891503e+01
2.81405494415110e+01
1.15744279895497e+01
1.45633718737157e+01
1.85026335914255e+01
1.75683542977589e+01
1.24992811148045e+01
9.89209150706684e+00
2.12615169614620e+01
3.01231509305933e+01
2.93779758310094e+01
2.23768724207738e+01
3.05621646583322e+01
2.90603971805174e+01
2.88508333825130e+01
4.32007398945754e+01
3.63478943109978e+01
2.31443834239802e+01
4.28808139470166e+01
3.52150936890855e+01
1.06724639667549e+01
2.97016741556539e+01
3.20740834784516e+01
2.29169575023519e+01
2.25341466945286e+01
1.76476774763383e+01
2.55079657774124e+01
2.81719841027381e+01
3.04728155310900e+01
3.24295460015305e+01
3.59847673593906e+01
2.48016561646087e+01
2.27252454836949e+01
1.82088453625690e+01
2.89122199450846e+01
3.21598114588885e+01
2.58178142522755e+01
2.43691645004398e+01
3.18793541425905e+01
3.07473891375929e+01
2.96776342687312e+01
2.75304683062523e+01
3.12366802439053e+01
2.91788012855647e+01
3.18099751401232e+01
3.43315850921064e+01
3.86584965322010e+01
3.87095883625398e+01
3.70014301505481e+01
4.36758950959817e+01
3.67617190666937e+01
3.76433248712165e+01
2.23650920538754e+01
2.76176444123661e+01
2.16368200435312e+01
3.99649182641009e+01
4.66099639148951e+01
5.83169237970685e+01
5.11505953053006e+01
7.83361516197119e+01
1.31779937475616e+01
2.51111225469675e+01
1.66841935660434e+01
1.28925647592259e+01
3.33386815237086e+01
3.36461116858758e+01
3.23103980267509e+01
3.62957219526876e+01
3.55325179346107e+01
3.20332015533324e+01
3.13962695499424e+01
3.53888250970621e+01
4.14791127059619e+01
4.28753835907146e+01
5.04878583082275e+01
4.25110766670186e+01
2.85181504223519e+01
9.37858908723322e+00
1.67714848498464e+01
3.89216386540693e+01
4.06310895625196e+01
5.08640708075495e+01
3.63396936585786e+01
3.34472474640991e+01
3.30917824612313e+01
3.66495137874832e+01
3.47979102785666e+01
3.23134287418008e+01
3.02674244684519e+01
5.17200988099654e+01
5.20559945229435e+01
5.55260941475063e+01
1.56373293205929e+01
3.03767960384974e+01
8.22844983043517e+00
3.31889783955352e+01
6.36889184185007e+00
1.41688661193093e+01
1.48909413667257e+01
3.66687114069291e+01
3.31987590969462e+01
3.22497734136931e+01
3.50711837545332e+01
3.36853704829380e+01
2.93981252471340e+01
3.02613133292614e+01
9.22629786634938e+00
1.05465185310724e+01
9.23871338752662e+00
2.88252891052274e+01
3.20403621379830e+01
2.95768810448063e+01
3.06461865651661e+01
2.70562667898136e+01
2.15395245450067e+01
1.72105720050897e+01
1.18979293004685e+01
2.48034942379962e+01
1.87753920536632e+01
2.09577745317884e+01
3.05860137252117e+01
7.76793932569112e+00
2.12099454522361e+01
1.27234987171524e+01
2.03556097477288e+01
1.40634484972016e+01
9.50393336552943e+00
1.19894822730665e+01
1.99232516241299e+01
1.31247777949859e+01
1.25147175322683e+01
9.24804696159471e+00
3.90805640797354e+01
3.56029466146798e+01
3.66288509752722e+01
4.79828661455852e+01
2.71347403311002e+01
3.17996732018570e+01
4.11249675882206e+01
3.16258328971456e+01
2.36073322849892e+01
1.12970089585097e+01
2.78494815869836e+01
2.64118503962068e+01
2.56301955305704e+01
1.32517079809277e+01
1.65183444129746e+01
1.03639951742392e+01
8.29418854301300e+00
3.50787992445620e+01
3.75310776117375e+01
2.82392208290960e+01
2.85149756025417e+01
2.92248361750644e+01
2.57081417179389e+01
2.79447048804078e+01
2.12897232078523e+01
2.59005881628924e+01
2.81985725751741e+01
2.52962032839421e+01
2.35276187378602e+01
2.98712870396673e+01
2.94282627119980e+01
1.75511884337131e+01
1.30408243640387e+01
1.39596382870187e+01
1.17054088475868e+01
9.11537693115292e+00
1.36780044920500e+01
1.48157416661258e+01
2.78144501758572e+01
2.74398068738239e+01
2.80400833694014e+01
2.63005845704890e+01
2.60442284729930e+01
1.11600296038962e+01
2.34061469404930e+01
2.67945958012236e+01
2.85758232900502e+01
2.18633816214431e+01
2.43040668077071e+01
2.63495057195093e+01
2.84765091333696e+01
1.19639587828631e+01
8.00179297377846e+00
1.35124995392165e+01
1.35269342073439e+01
1.10406479106985e+01
1.46441864923519e+01
1.45325807265491e+01
6.66044077968373e+00
8.26697427501085e+00
3.10616195596933e+01
3.06139340399319e+01
4.22351679534711e+01
3.49522550403822e+01
3.03538018450503e+01
3.91924719870519e+01
2.95135125449608e+01
1.35756037991851e+01
2.10424993674778e+01
3.79346948014102e+00
9.25185077888480e+00
1.36738356541283e+01
1.23817425188844e+01
1.22063171499936e+01
1.37501379565958e+01
1.32098961204814e+01
1.93426674414644e+01
2.24301119249389e+01
2.40990594886940e+01
2.46498095943091e+01
2.24389125257893e+01
2.16028457150539e+01
2.54732661382402e+01
1.08388429635574e+01
1.28608885953495e+01
1.25362212858277e+01
1.10442797033836e+01
1.24478808620428e+01
1.31671914741798e+01
2.43088786193982e+01
1.94067758152239e+01
3.14896089967295e+01
2.83851680474858e+01
2.63286137410684e+01
2.29379685332463e+01
2.07005114929255e+01
2.27869929239584e+01
2.80608817172052e+01
3.33191656454491e+01
3.73311176140082e+01
2.38987602995620e+01
2.40478414306530e+01
2.27453271608567e+01
2.39088432683621e+01
2.61218405443804e+01
2.62522973521584e+01
2.82066348183887e+01
6.23755045872818e+00
3.22281401558377e+01
1.87458766417873e+01
2.50244086381367e+01
2.66671140147007e+01
3.97871228464510e+01
2.28417816066727e+01
2.33863270783126e+01
2.56437063775319e+01
3.30179798586018e+01
3.90272713590798e+01
4.37208846171604e+01
4.36103739296361e+01
2.78110307582357e+01
3.91719423016423e+01
4.80545694857994e+01
2.61472032311680e+01
5.26486307914666e+01
2.44712741982539e+01
5.31631141007761e+01
1.76682043331655e+01
2.42149241613673e+01
2.45868240436190e+01
3.46113007008457e+01
4.19255649142323e+01
4.77819940696780e+01
4.83741353593316e+01
5.63628203094332e+01
1.60135559740224e+01
1.23423187197032e+01
3.14980974855574e+01
3.65962749516020e+01
2.34834687855561e+01
2.24097720827835e+01
1.90356781376810e+01
2.91991913156230e+01
1.56997917907620e+01
2.43561788699703e+01
2.82736991099832e+01
1.49635550519420e+01
2.17960000270637e+01
2.54438987272484e+01
1.88710953147931e+01
2.45522154469674e+01
2.12266303014820e+01
4.06725545303979e+01
3.03593159977864e+01
2.55201971138147e+01
2.65780075556639e+01
2.22417188167200e+01
3.00299763986977e+01
2.97653527731975e+01
3.29423762770331e+01
5.76438751611621e+01
2.82038803960623e+01
3.48445899385795e+01
3.27953562831077e+01
3.67117660663958e+01
5.12587582331727e+01
1.21623543784261e+01
9.11466417224817e+01
5.52573892891007e+01
5.42027061470983e+01
6.37393352621963e+01
6.71890973995311e+01
2.96559505745398e+01
3.34139138068511e+01
2.76142187306512e+01
3.34296638389335e+01
5.26066994278102e+00
4.61793499991225e+01
5.15450901053748e+01
5.20448974666671e+01
5.37254984697207e+01
2.97880967487816e+01
2.70185867907437e+01
2.82396963003125e+01
1.40144189722674e+01
1.44880463772728e+01
1.90963638017759e+01
2.79082601460851e+01
2.57186144672328e+01
2.49541548570315e+01
2.34614750539747e+01
2.37377866838685e+01
2.75724721288402e+01
2.94443099916304e+01
2.81443604292985e+01
2.81801599097661e+01
2.93554880068285e+01
4.16755531486907e+01
2.80076079935430e+01
2.88653845730210e+01
1.14520572601519e+01
3.56209346065340e+01
3.40934042851474e+01
1.07410605815420e+01
2.02201635590428e+01
2.17399566176093e+01
9.99410241661036e+00
2.62527374891074e+01
2.06703791666240e+01
3.61278341190966e+01
2.78390073582826e+01
1.70113904054185e+01
3.42090570849418e+01
2.96228272444304e+01
2.85122257158555e+01
2.64171251469244e+01
2.86142489386509e+01
2.63741240256234e+01
2.57050566588731e+01
2.73045403265866e+01
2.72659917302780e+01
2.44664931345320e+01
2.83489859278833e+01
2.75325458849784e+01
2.57096709226672e+01
2.41161712488450e+01
2.36223805085799e+01
3.10722829864123e+01
2.98940259474336e+01
3.92008894215624e+01
4.08565887726869e+01
1.70941125369454e+01
8.10301176937828e+00
1.05563266105978e+01
1.38288467900697e+01
1.07096361743262e+01
1.26366178469152e+01
1.44578098710343e+01
1.62295269143221e+01
8.36200605667257e+00
1.26973054754206e+01
1.60511387004554e+01
2.03608821083996e+01
2.86576055423131e+01
3.94942829028522e+01
2.87877725066749e+01
2.70349493888472e+01
1.82143133456110e+00
2.46879797876864e+01
1.51054468484774e+01
9.68908220346185e+00
1.35282671939971e+01
1.64082601653327e+01
1.97110612833043e+01
2.05662725365544e+01
7.86375305263819e+00
6.87298761724060e+00
1.19758904484073e+01
1.06512086956641e+01
2.91407621545045e+01
3.28483983544111e+01
4.03815631841490e+01
3.12182629710157e+01
2.09408533555776e+01
3.09473198995903e+01
3.98088486380876e+01
1.14480439568371e+01
1.37691520342394e+01
1.61944163769824e+01
1.86549211563209e+01
2.39110211783413e+01
2.68759073062025e+01
3.70472856281493e+01
8.40930156866617e+00
9.48160701821076e+00
1.35354530920539e+01
1.00474933784978e+01
6.15470251533847e+00
1.42163420375019e+01
1.34980705992698e+01
1.47388910291498e+01
1.64551132001005e+01
1.93471916647996e+01
9.35946117366580e+00
1.19662219885726e+01
1.44248174897580e+01
7.19389546568870e+00
1.12932945174510e+01
1.43801420773906e+01
1.73510672913868e+01
1.83588795414754e+01
1.88477823086668e+01
1.31535250121218e+01
1.31601360224050e+01
1.81090170136585e+01
1.90896181804421e+01
1.97792416317608e+01
1.78920443345964e+01
1.63586198525444e+01
1.81665620963681e+01
2.20405101401628e+01
2.61200457395506e+01
6.34228143367752e+00
1.17872470601952e+01
5.36171363123558e+00
2.20680165030194e+01
3.18872305689939e+01
3.14775968882426e+01
3.60952293990916e+01
2.95377557006913e+01
4.19554507153793e+01
3.80042531728744e+01
4.17681650047053e+01
4.82789849705568e+01
3.92086874519558e+01
4.08567982313303e+01
4.18083207081407e+01
2.06162672945223e+01
3.09867806962031e+01
3.85246265747502e+01
4.09425810646338e+01
4.98710889278903e+01
5.52774282153315e+01
6.18490040308561e+01
2.24721015576614e+01
2.57542640458418e+01
3.44921198017931e+01
4.05142544584379e+01
4.75615174228059e+01
5.59343960073297e+01
6.56794786154681e+01
6.97595451374625e+00
3.18189735150716e+01
3.64407955664727e+01
3.32092146080110e+01
4.38834017599150e+01
2.23771507631948e+01
2.36860109423599e+01
2.61451007308816e+01
2.24985667592610e+01
2.47097377392472e+01
2.81331965756856e+01
2.97773327730772e+01
3.03299316297212e+01
2.34939013742267e+01
3.45512635459258e+01
4.40381474535158e+01
5.30267812158472e+01
6.50467637664425e+01
6.54428889854677e+01
7.08911866628710e+01
2.35197144458657e+01
2.71633876877356e+01
2.63368233799531e+01
2.62204648798264e+01
2.55750309100972e+01
3.01003870442316e+01
7.26290814401084e+00
3.94865177220129e+01
3.23312969747659e+01
1.78935449849200e+01
2.67604627092619e+01
3.12492120261105e+01
3.61913116756364e+01
6.26827307774684e+01
3.78267628453355e+01
3.40638474039097e+01
1.91026601976386e+00
2.40563437813162e+01
6.32444712765811e+00
2.33647566713719e+01
3.45538901032231e+00
1.49062563807232e+00
7.47241973141292e+00
1.97210949094018e+01
1.02044453439873e+01
2.44206045710558e+00
3.82703876701065e+01
1.72593077982423e+01
2.06993967662731e+01
3.59567036795859e+01
2.00421049925564e+01
1.93282449984045e+01
1.54455852177255e+01
2.04234090413120e+01
1.98078465444407e+01
1.66088877605913e+01
2.04397013756038e+01
2.24099282800606e+01
1.76611989767816e+01
1.74137447376217e+01
1.24583905308368e+01
1.84605925676844e+01
2.03380266938271e+01
2.34528643119056e+01
1.13238244997526e+01
1.04870524287833e+01
1.04848911330011e+01
1.33954479901806e+01
2.95234631198396e+01
1.31816600281922e+01
2.27335151715427e+01
2.31802276520481e+01
1.51875114493881e+01
2.34055371094094e+01
2.59025457039212e+01
2.73929437970420e+01
3.98739642098613e+01
3.45651872689442e+01
3.12965085159456e+01
4.70017870983241e+00
4.99378494131457e+01
4.41252676253499e+01
1.72410053519808e+01
1.34614392507177e+01
2.24662129251869e+01
1.01689485401758e+01
1.02773454937101e+01
1.14806136389948e+01
1.66123553366293e+01
2.53940502268466e+01
2.10349768037723e+01
1.26818491935470e+01
1.92954541889535e+01
2.02414955971333e+01
1.43335854508558e+01
2.23394555674212e+01
2.87135173404617e+01
1.74495430355795e+01
2.28436521041154e+01
2.75492682732470e+01
1.78573579992158e+01
1.74093120206217e+01
1.56646425096895e+01
2.62295696652829e+01
1.79462257706367e+01
2.97372729667033e+01
5.96326525357597e+01
1.20575209232898e+01
1.34367690031972e+01
1.48539174237295e+01
1.89355891168724e+01
1.46576530900756e+01
1.60921816451835e+01
2.21228242842183e+01
2.82542227530371e+01
3.77964483287366e+01
2.91573476126183e+01
3.91882597037693e+01
4.83761506661673e+01
6.07620899691886e+01
6.14880925549836e+01
6.76625210074907e+01
6.77041533807032e+01
3.87726982574569e+01
5.31329084817370e+01
5.44141263368387e+01
6.23599586150892e+01
6.47039295192992e+01
2.94746776288287e+01
3.32194182834326e+01
8.57856726165376e+01
4.79552779086051e+01
1.82917294125675e+01
3.76362779835472e+01
4.23798077460492e+01
2.89986402730969e+01
4.61939065255443e+01
3.27686669319040e+01
4.64559235018456e+01
5.60560939008408e+01
6.72249326583215e+01
7.27319354623092e+01
3.14288193683429e+01
2.49985286671081e+01
1.34145767248386e+01
2.48789486154793e+01
2.30706099862608e+01
2.15056620845092e+01
1.67749725220947e+01
1.35297401480827e+01
1.76918652853720e+01
2.01584901986404e+01
2.76994683618530e+01
3.21297679318797e+01
3.19037831568299e+01
3.25495073990124e+01
3.47247832705406e+01
3.27568575769060e+01
1.59593728808593e+01
1.19414752438485e+01
1.57603935864607e+01
1.84722783815094e+01
2.20474556098853e+01
3.38595684363519e+01
1.04927322955416e+01
1.15119479133461e+01
8.95551233254482e+00
1.34650767682701e+01
1.09422810452015e+01
7.02545497274811e+00
9.09015785188538e+00
1.02927997462388e+01
2.44471771810006e+01
2.61399696230868e+01
2.53118467708787e+01
3.48313485712429e+01
2.66179320830706e+01
6.72869572946714e+00
2.78376883356855e+01
2.60939036202894e+01
2.39939366637261e+01
2.12389887096964e+01
2.82981460892819e+01
1.09274859596743e+01
2.99004252546142e+01
1.81964453148871e+01
3.78209785148871e+01
2.46375618267900e+01
3.69062721456443e+01
2.31320710274868e+01
2.30219308817553e+01
2.80728109689138e+01
2.21413966061941e+01
2.96674669968693e+01
3.15985680644873e+01
6.07209229314879e+01
4.10213072732968e+01
2.10742550730444e+01
2.16746939257542e+01
3.50323383215905e+01
2.10250483094438e+01
1.29700612437023e+01
1.16622375574144e+01
1.17071211075868e+01
1.57541588041994e+01
4.02267257743433e+01
1.85722885002196e+01
3.91337318032763e+01
2.23848646554889e+01
3.47012788297198e+01
3.93801348472449e+01
2.45005115430647e+01
4.01679127379665e+01
3.76766342898219e+01
1.96323277319685e+01
2.79538386232476e+01
3.21548682650968e+01
2.17774353344586e+01
2.55327471581349e+01
3.46846601330062e+01
2.14461287353688e+01
3.56769332301102e+01
2.89622423945343e+01
3.25485818923082e+01
2.17709559211243e+01
2.86747852986598e+01
2.99025594103338e+01
2.92926964045408e+01
2.85254811253234e+01
2.84334610619546e+01
2.96295648490866e+01
1.07822638436651e+01
9.92173058756050e+00
1.97976934731822e+01
2.61594445921226e+01
3.12006289432420e+01
3.50089807428534e+01
4.14219637993136e+01
4.18582880477536e+01
4.11386795479428e+01
3.19550150996472e+01
2.83134691855281e+01
3.24878947734520e+01
2.48430222978851e+01
9.46621733192666e+00
4.57062305458445e+01
3.76231442834908e+01
3.61181638455044e+01
3.61617853718346e+01
4.56127546870492e+01
3.93954185728640e+01
3.53128429500534e+01
3.94182620967448e+01
3.29507717456762e+01
3.21277617986534e+01
3.20052171508693e+01
7.33415720582107e+00
2.28951964147580e+01
8.75985293094042e+00
1.19949055769060e+01
1.42126621350799e+01
2.41804983118733e+01
1.24796012776850e+01
1.48744604467622e+01
2.90313788405833e+01
1.24715572771219e+01
7.85713331880798e+00
2.47524177419949e+01
2.43115165220369e+01
1.08032867283343e+01
1.22762082476757e+01
1.30888527651216e+01
1.37811662895337e+01
1.39789785996572e+01
1.61614976992197e+01
6.50070762167571e+00
1.25517207043356e+01
9.59490249980336e+00
2.98822588555918e+01
2.67971801456335e+01
2.06726000793319e+01
2.54446869497554e+01
4.41389282802965e+01
2.27365374381045e+01
2.91639923047311e+01
3.98942318145691e+01
1.16726413697698e+01
9.54819467162223e+00
1.33690310488079e+01
8.53542424042570e+00
4.24743835741221e+01
3.87619199107801e+01
4.10974122940263e+01
3.76393868597411e+01
5.36483769783080e+01
8.79417054359850e+00
1.01621539280213e+01
1.48800565755907e+01
3.86587738727770e+01
2.19916089585913e+01
4.14429073441470e+01
2.13843608451212e+01
3.41651011514505e+01
3.17191717259660e+01
2.83117763477844e+01
3.31730766377970e+01
3.27305293333349e+01
2.89021439792902e+01
3.05790591285973e+01
2.91388161353249e+01
2.15092012712023e+01
3.58141186345871e+01
1.10101141032279e+01
2.15590396124599e+01
2.90524098693061e+01
2.54025557635323e+01
2.72610212123402e+01
2.88237190998389e+01
2.50427098314829e+01
2.65621385594277e+01
2.93017177672226e+01
1.89464236846982e+01
3.18727925112012e+01
4.00451153733496e+01
2.62354585098362e+01
2.38062178064964e+01
2.62853302424889e+01
2.62058363163334e+01
2.67446895771210e+01
1.96693619314923e+01
2.51980561641504e+01
2.51004956071407e+01
2.80569643792227e+01
2.69464885481008e+01
2.76527738373022e+01
2.61902874425359e+01
2.76384327509133e+01
3.04833029632995e+01
2.83246955809237e+01
2.83416002544080e+01
3.01442508336667e+01
4.33249478427317e+01
8.00675544219746e+00
9.70251695205161e+00
2.19408635233477e+01
8.42946797666024e+00
8.21615951756662e+00
1.41708508250212e+01
1.58991162516495e+01
1.89378983439870e+01
2.17094176008025e+01
2.45241006090828e+01
2.62718040825551e+01
2.43233411964872e+01
2.35644746450156e+01
2.64806545154353e+01
8.95236343252467e+00
1.01494277346390e+01
1.09576224493832e+01
1.51773797240306e+01
1.39790447035427e+01
1.41830148139652e+01
1.38865959350287e+01
1.35481143106888e+01
1.54908611639286e+01
1.88296468375192e+01
2.91530373279031e+01
3.79880618958019e+01
3.02202531694045e+01
2.83619208919149e+01
1.13843393368074e+01
1.15669142079079e+01
1.29143953782298e+01
4.31624547195661e+01
2.53340147369297e+01
4.57691302797522e+01
6.11558460583813e+01
5.54945404664390e+01
3.09640223794511e+01
1.38415390038562e+01
2.59982918774575e+01
4.56218372941311e+01
1.42677871673318e+01
1.56862745698165e+01
1.58971055142219e+01
2.36004100791236e+01
3.29538147653643e+01
3.58180995835514e+01
2.08307830296419e+01
3.90569294912065e+01
2.70281514292704e+01
4.30990073475381e+01
1.93671224528451e+01
2.28802070203723e+01
3.82371051153928e+00
1.03132839142970e+01
3.10568263684528e+01
2.81263413542737e+01
3.97921250943715e+01
3.59071704019559e+01
2.30399153447166e+01
2.29826567745869e+01
2.81654240757075e+01
2.97992712824825e+01
3.30897459102269e+01
2.96579810856771e+01
3.51749735190986e+01
5.43296026041417e+00
3.32614484219467e+01
2.18031072160585e+01
1.38734240017388e+01
1.42773815738693e+01
1.61894972271339e+01
1.47807276783869e+01
3.36686160556911e+01
6.14238506879556e+00
1.39180730069164e+01
1.61080386632782e+01
1.76578926529013e+01
1.45321451535124e+01
5.83596956328129e+01
4.79877334251111e+00
1.81082344826420e+01
2.94272403464240e+00
1.34064187878666e+01
1.72934339656360e+01
1.17162989419295e+01
7.00946322493745e+00
2.99291308007449e+01
1.03535453444499e+01
8.90088450529086e+00
2.62597093554375e+01
1.91319925818183e+01
2.22931254366577e+01
2.78585380938808e+01
2.56845683741512e+01
3.21630314104674e+01
3.42149884151354e+01
3.63289988181931e+01
1.87838729409153e+01
3.96155531847391e+01
1.52278811358229e+01
7.95349381632954e+00
7.86660735263242e+00
4.34017648734137e+00
2.05183452155020e+01
1.11820497193992e+01
2.45258424744122e+01
1.45700242678756e+01
1.97579725361124e+01
2.86975577745898e+01
3.58024376911338e+01
4.37955106556761e+01
5.21615265328011e+01
6.25292256105990e+01
6.24327621575119e+01
3.26241858566819e+01
6.29623093318161e+01
3.79775325775030e+01
3.45446743438787e+01
4.40082625792507e+01
5.73552728204147e+01
5.84093352970411e+01
6.53852403433460e+01
6.64910515353231e+01
3.07290076149867e+01
3.01781863727638e+01
3.22355322266127e+01
3.39537099079382e+01
3.18259052559295e+01
3.46685910087486e+01
3.32405476160598e+01
3.79373688955386e+01
2.65847530782855e+01
2.90939533528335e+01
1.28250769504942e+01
2.61267010549567e+01
2.60136759766571e+01
2.37252578549359e+01
2.64725050077461e+01
2.53452201575241e+01
2.52652994187983e+01
7.03325854527299e+00
2.75627377891764e+01
3.39134337691839e+01
2.59408602756220e+01
1.57476121555252e+01
3.65063014140819e+01
4.76382948692056e+01
5.08792040030854e+01
5.01256226798488e+01
5.07298236321120e+01
7.09921042188509e+00
3.96041682231477e+01
3.98223207631472e+01
4.15127614083164e+01
1.42684062153098e+01
1.15537615465673e+01
1.77836583925215e+01
2.56793060948936e+01
4.21704363044877e+00
4.23083664378092e+01
3.78191608008360e+01
3.07015374969099e+01
3.19039368419167e+01
2.93120316193456e+01
8.90615820942179e+00
8.14955244471718e+00
1.51286598445062e+01
2.72479576546111e+01
3.67191338744204e+01
4.07527402368992e+01
3.22073303063459e+01
3.67972938527948e+01
2.29566160580506e+01
3.82798704114632e+01
3.34693736172853e+01
6.37858267709579e+01
2.11681454036487e+01
3.10155233041344e+01
8.19899180595212e+00
9.27147227706659e+00
8.08642188742662e+00
9.67558595338464e+00
1.53483962751777e+01
1.31581640818966e+01
1.49453381348907e+01
1.55373575912064e+01
1.52268841157987e+01
1.57373901998669e+01
1.69366681759094e+01
1.57256337888463e+01
2.12826671249410e+01
2.04269476199206e+01
1.96065527124767e+01
2.09871523468344e+01
2.20073047250867e+01
2.14110168909829e+01
3.00046328131262e+01
3.01071706972449e+01
3.37936187035896e+01
3.55208345409686e+01
3.43164800435502e+01
3.19974702423684e+01
3.45871539673629e+01
2.68022380261554e+01
2.93568841894689e+01
4.65127328506531e+00
3.43748586091287e+01
2.61756888103346e+01
1.74073429347458e+01
1.36793140103729e+01
1.07877557347463e+01
1.88066941603935e+01
9.28551456952246e+00
1.90711537316735e+01
2.96042288300720e+01
4.14740230074899e+01
1.82336111110701e+01
1.92658637925397e+01
3.29351022370871e+01
2.45854934248315e+01
2.62509869006280e+01
2.95485191279886e+01
2.72794279282006e+01
1.98986999753153e+01
2.28396499161339e+01
2.45215808488243e+01
1.49711617016925e+01
1.19757112110035e+01
2.56204189340681e+01
3.80512483124567e+01
3.60950453964436e+01
3.20496356352290e+01
1.45519127212151e+01
1.49986886500410e+01
1.69033712208587e+01
1.69016411073017e+01
1.40126553827813e+00
8.89399732671270e+00
1.23872937584381e+01
1.48123020142337e+01
1.58680635739290e+01
1.64899236699096e+01
1.66676322182801e+01
9.56809240566026e+01
6.25398029745988e+01
2.43909832705060e+01
3.32109854066262e+01
7.08101147484866e+01
3.73134736691102e+01
1.08097788086086e+02
3.03392755409041e+01
1.40961853948965e+01
2.36035295707902e+01
2.36354753349598e+01
2.50808500805542e+01
2.83768497272548e+01
2.89306238690020e+01
3.14083050490014e+01
2.80438755284610e+01
3.38688303771674e+01
3.85952439858360e+01
4.65599202509534e+01
4.82349559855609e+01
4.71109004379416e+01
4.55684561200246e+01
1.26533339144560e+01
