2.69303311508839e+01
2.97937933649889e+01
3.30569260822325e+01
1.49907709221237e+01
3.35041559754283e+01
2.90623404909123e+01
1.87500112282933e+01
2.31365416825966e+01
2.58985461936533e+01
1.51748401255187e+01
1.23858997239286e+01
2.13930473361190e+01
2.50842393770822e+01
2.81725482706186e+01
3.16397399916910e+01
3.19736767899065e+01
3.61233326830630e+01
3.84940603888354e+01
2.62364341186301e+01
2.79491567676478e+01
3.34752231992002e+01
4.54420683402490e+01
3.71060996151693e+01
3.95984346088398e+01
3.40228862600637e+01
3.29943989086285e+01
2.98085259702292e+01
2.85732177902048e+01
2.66063149004680e+01
2.41005000245704e+01
2.24706987898584e+01
2.01163338135529e+01
2.65750009404771e+01
2.38724885109230e+01
2.19802936452256e+01
1.91084918193700e+01
1.80579134695899e+01
2.99533753109123e+01
3.34754651741833e+01
3.45073872377072e+01
3.92092375684681e+01
2.62690509105399e+01
3.33673556148573e+01
4.10401429059898e+01
4.79581821724547e+01
5.24685858594141e+01
6.00915266552360e+01
6.68187617463806e+01
2.51071455787512e+01
2.29794378293483e+01
1.32020007207319e+01
2.04537538953995e+01
1.54819866897565e+01
2.10175067717718e+01
2.30282924960285e+01
2.78319422132264e+01
3.09911502143751e+01
3.33762959341996e+01
3.53883426205616e+01
2.48783463040799e+01
2.07429390130586e+01
3.06714043660629e+01
1.06225794771283e+01
2.48853586122525e+01
1.92501212821150e+01
1.93044277257571e+01
2.78433039825336e+01
3.35729652654317e+01
4.10847291591551e+01
4.80473329895733e+01
5.57398538625126e+01
6.38459381699528e+01
1.82727274327377e+01
2.25604304159144e+01
2.59750679095366e+01
2.84417559365306e+01
3.07704243406346e+01
3.31579693844137e+01
3.29663861549664e+01
2.57550616044305e+01
2.95713851923955e+01
2.97868762802776e+01
1.75312559027450e+01
1.74454572028752e+01
2.62630731370928e+01
3.47024514667204e+01
2.53119653934003e+01
2.32894551892075e+01
1.20352443223273e+01
1.51494266915178e+01
1.88592372185997e+01
1.07721357852187e+01
1.23400575652340e+01
3.70969748977262e+01
2.29557531853656e+01
2.06720076275484e+01
2.77469541783972e+01
2.56616833921933e+01
2.28518767056831e+01
2.07827270890388e+01
1.73751319198478e+01
1.56860625435567e+01
1.92779589626795e+01
2.71832241837003e+01
2.90925308624533e+01
1.75620474442893e+01
7.82117736987059e+00
1.06245690570130e+01
2.02858155558593e+01
2.57355898885259e+01
2.33097532377619e+01
3.89884932694000e+01
-2.48198790899429e+01
9.09511311219160e-01
8.79602955807565e+00
2.18525351940970e+01
2.75936011090539e+01
1.07561322503021e+01
8.53538162631049e+00
3.07816977931912e+01
2.77905954355748e+01
2.48943562885853e+01
2.41884316235079e+01
2.21137285623290e+01
2.08479683020829e+01
1.18780712705499e+01
2.19075214155788e+01
2.76912051725597e+01
3.30997482503454e+01
3.83078025739638e+01
3.97049308331389e+01
3.86551365493738e+01
3.30064614699934e+01
1.17615240628137e+01
5.20566084168047e+01
7.47199553263393e+01
6.23934187194750e+01
5.09654500828203e+01
9.77460076204026e+01
3.76018501752472e+01
3.56871962804277e+01
2.79414563134167e+01
1.40978798359639e+01
4.83585465105080e+00
8.28867365006053e+00
1.18075085605535e+01
1.45490356794552e+01
5.45502970469534e+01
2.20604410280950e+01
1.58099603453212e+01
4.23657933348233e+01
5.23603620307309e+01
5.35413603659208e+01
3.16678420271475e+01
3.41726097579510e+01
5.45704816084240e+01
3.11187173105065e+01
2.35817854246357e+01
3.14957575824739e+01
4.72740438880529e+00
1.60817979970530e+01
1.77871616134109e+01
1.04940105614036e+02
1.92413804272102e+01
3.42166804198125e+01
4.33778396638383e+01
4.85290467422967e+01
2.66891182917159e+01
2.78781630234791e+01
2.37174949761465e+01
6.00346143743277e+01
1.04977823546487e+01
2.51901687674248e+01
5.78418990112390e+01
4.65146958340832e+01
2.81948187384223e+01
3.25005577820864e+01
4.73126094277369e+01
4.56635513690253e+01
2.72784978967321e+01
2.61249693215967e+01
2.38480014760744e+01
1.16125101749225e+01
1.02797305882803e+01
2.36273379970059e+01
2.36890112642193e+01
2.30784942703452e+01
2.12967983608946e+01
1.55301375816119e+01
1.68025781513884e+01
1.30343911018623e+01
9.37972494163641e+00
1.32337795052993e+01
1.79938458609214e+01
2.57232945271978e+01
1.72147185336439e+01
1.08536185926655e+01
1.60945110542421e+01
8.37025964764359e+00
1.88003127670451e+01
7.80488305834042e+00
1.31309772086650e+01
5.96849179607748e+00
1.34165336591870e+01
2.18896412852979e+01
2.62232730506345e+01
3.71042600123761e+01
1.09678388230849e+01
2.00425779955838e+01
8.47615608975600e+00
8.79067025312355e+00
1.20326168552906e+01
1.42868091956807e+01
7.96139187207728e+00
1.38145040154651e+01
1.37310774446198e+01
1.09569006574247e+01
1.95991046728253e+01
2.95184909634814e+01
3.47729936879631e+01
2.18296849483782e+01
2.79690763240765e+00
9.49522373992668e+00
1.49477308741677e+01
3.53457398170497e+01
1.97424194655711e+01
4.56264529885014e+00
1.40652797831550e+01
1.82203028009584e+01
3.38393280313945e+01
2.87812032782143e+01
2.78569460771793e+01
3.19900279251907e+01
3.10440335088153e+01
2.80574400603319e+01
2.83505136007876e+01
7.95282645571368e+00
8.00821158601411e+00
2.42484253809971e+01
5.84771974596165e+00
1.15941194131468e+01
1.36187836525943e+01
1.84024198032333e+01
1.75943987426417e+01
1.43339384946766e+01
2.43782450985091e+01
2.42075929384420e+01
2.51057863768123e+01
2.63579845574517e+01
2.64665009753349e+01
2.98412690848849e+01
2.52642070700601e+01
2.58651789051725e+01
2.47661287711625e+01
2.67449673536866e+01
2.69004934701663e+01
3.32780333078977e+01
3.04455984972400e+01
2.57664439291982e+01
1.77395793022629e+01
1.97293546808687e+01
9.41370525267679e+00
6.08136038097741e+00
1.36900543827379e+01
2.35856077872062e+01
3.26908619176062e+01
2.43408194052147e+01
3.44310165786701e+01
2.52906802873983e+01
2.48748796438451e+01
3.14579468601487e+01
2.74411709533276e+01
3.80534602156791e+01
2.85829923046832e+01
2.69473128495085e+01
2.61012373666679e+01
2.89223998108334e+01
2.79402125470664e+01
2.93844387686026e+01
2.71026755595257e+01
2.80185479045647e+01
1.95570278153165e+01
1.54121745231120e+01
7.82500378814221e+00
2.36964775723586e+01
3.71467362299357e+01
4.21791198655894e+01
2.69044031140772e+01
4.61745245805770e+01
3.29336550610619e+01
4.89503717530632e+01
1.47222033118173e+01
2.96366449622544e+01
3.14257975633319e+01
2.04391193250074e+01
3.17261299028602e+01
2.52549151551486e+01
3.18502358220284e+01
2.71807631157639e+01
1.17307052986924e+01
1.48518820980566e+01
1.62262688818042e+01
1.63421737118648e+01
1.30139440731294e+01
4.99423520375562e+00
7.94018918441419e+00
2.70325881581845e+01
2.78519394669947e+01
1.81634845558438e+01
2.84762799955434e+01
2.39830116487353e+01
2.82638067596103e+01
3.37118537668742e+01
3.77912087154838e+01
2.78432677372672e+01
4.30567731346723e+01
4.23489229836104e+01
1.06739238443203e+01
2.80705340410931e+01
3.10417598278258e+01
2.82127824355853e+01
8.76581904048989e+00
1.73605494480870e+01
2.30137527282051e+01
2.67269407492863e+01
2.88702782589955e+01
3.07244140128033e+01
3.25186913950088e+01
2.17419478303420e+01
2.07426722927954e+01
1.68701669208639e+01
1.71960493972436e+01
3.06970065580114e+01
3.04550448552229e+01
2.30746937897879e+01
1.64808489802038e+01
2.89696818045280e+01
2.95166518785128e+01
2.40010892942838e+01
3.04367846996862e+01
2.71042819117127e+01
3.08874883478478e+01
3.55641799097005e+01
3.87893289526009e+01
3.86508363598452e+01
3.68967863331844e+01
4.00985083342223e+01
3.79330842036056e+01
3.63380287773610e+01
1.97200985163172e+01
1.67814093455316e+01
2.29839821787580e+01
3.12421996891503e+01
6.99746253934767e+01
7.27800710972810e+01
6.52417610597794e+01
8.33164873238769e+01
5.57639993615624e+01
2.45650652936406e+01
1.68815183216266e+01
1.60327375654844e+01
5.32882881233385e+01
3.65657863848283e+01
3.45492525240147e+01
4.19010246975761e+01
3.91953687401970e+01
3.33182707389976e+01
3.24726122314759e+01
3.94051236349674e+01
4.32086123648656e+01
4.25152032393302e+01
4.71108898573271e+01
4.41112630899154e+01
2.55390616618685e+01
9.96279282146456e+00
1.65211489888095e+01
4.28680413583215e+01
4.39984113492649e+01
4.82312489954914e+01
4.14108201496829e+01
3.43285503025801e+01
3.31522157898690e+01
3.87779737728096e+01
3.63096623203953e+01
3.23314895898120e+01
3.13080457297379e+01
3.96338861919466e+01
4.43518498919799e+01
4.45855745629481e+01
2.79936662111879e+01
2.25463816054868e+01
7.16324994759815e+00
2.28160089753069e+01
9.18656861733642e+00
1.50904194278048e+01
1.42373180923671e+01
4.12625816549668e+01
3.37560013749274e+01
3.27263585340778e+01
3.77580209238857e+01
3.52788701673096e+01
3.09879742793267e+01
3.05802794279170e+01
8.91243261920916e+00
7.87247886860001e+00
4.07185080747366e+00
3.36036769990693e+01
3.18540112479316e+01
3.19173992392614e+01
3.04483122567051e+01
2.86465864751012e+01
2.26819202898731e+01
1.51387356777532e+01
1.70049929514499e+01
2.09274076968347e+01
2.31020034334341e+01
2.28432965102251e+01
1.39847490883926e+01
9.26713522945825e+00
1.68395952933863e+01
1.17690406123491e+01
1.46692468620169e+01
1.47482609220499e+01
1.06396345329475e+01
1.22242440500458e+01
1.68299000955457e+01
1.47981233993955e+01
1.25640338188094e+01
1.13001344874400e+01
4.30777817428481e+01
3.57158669615665e+01
4.09124585060927e+01
4.19081990229475e+01
3.45270778629126e+01
3.73707650578503e+01
3.83366768039802e+01
3.34651852159930e+01
3.20102144229921e+01
2.25258027649258e+01
2.13600596894347e+01
2.88832611724213e+01
2.60755193222640e+01
1.52758369591723e+01
1.89896195706705e+01
1.23438427256272e+01
1.13491220249837e+01
3.54365918168007e+01
3.19666001991815e+01
3.13967952077975e+01
2.85414681461514e+01
2.99619667332153e+01
2.67714509814938e+01
2.73430323642937e+01
2.99668816112687e+01
2.73915679472859e+01
2.92364904245061e+01
2.69455550512911e+01
2.58202441530538e+01
3.09130732332670e+01
3.13533025668619e+01
2.41214040312870e+01
1.61942352917464e+01
1.48522232356731e+01
1.34875550648043e+01
1.25200005313098e+01
1.54963828695937e+01
1.61548521618596e+01
2.72783720252228e+01
2.80911480129767e+01
2.82814829848758e+01
2.67152295993537e+01
2.65989828698629e+01
1.26625907702309e+01
2.33533960533362e+01
2.72577071631793e+01
2.92876071136685e+01
2.27161766092808e+01
2.49962803887623e+01
2.89458730802512e+01
3.01334457156004e+01
1.36463678931093e+01
1.03706535231369e+01
1.42975567483384e+01
1.35005262094438e+01
1.18612711688361e+01
1.50017058265645e+01
1.48688020734776e+01
6.85628900282193e+00
6.93782756038428e+00
3.00109784278800e+01
2.97983026176605e+01
3.95866196451717e+01
3.44608935458470e+01
2.49989511587277e+01
3.37158489025157e+01
2.99264734673618e+01
2.21362620449566e+01
2.62459808501570e+01
8.34414549759084e+00
9.58626746058456e+00
1.29910250079376e+01
1.21711375251452e+01
1.12844828250118e+01
1.29958371533062e+01
1.24827287823092e+01
1.71507730350125e+01
2.10709778793212e+01
2.33999730832220e+01
2.45791755599048e+01
2.34509367775434e+01
2.26909026799465e+01
2.46580534768427e+01
6.64802184947357e+00
1.05168477989454e+01
1.00848192815752e+01
8.76858939678078e+00
1.02790665387277e+01
1.03988202930428e+01
2.43233454646153e+01
2.05923550519892e+01
2.76231457879655e+01
2.46905373900494e+01
2.27609377404490e+01
2.42777915375726e+01
2.33141963995870e+01
2.44561029505779e+01
2.88730683742890e+01
3.38739792109510e+01
3.79849085916032e+01
2.17772278729528e+01
2.52046308292383e+01
2.48982023480477e+01
2.50419575307778e+01
2.67795580459981e+01
2.74718199653456e+01
2.89350577730473e+01
1.79836123683184e+01
3.32604981877752e+01
2.28691912492786e+01
3.26217085099114e+01
2.62761704664628e+01
4.78378806629899e+01
2.74727343981529e+01
2.67778967244300e+01
2.79515476009897e+01
3.33563328150249e+01
3.87196437232802e+01
4.33232432919362e+01
4.58919121847652e+01
3.26119173783877e+01
4.13318486491364e+01
5.32639932796075e+01
4.04363906458459e+01
5.46262360658537e+01
3.75285743921127e+01
5.25132404631966e+01
3.35233474587471e+01
3.35407942244124e+01
3.00450484522874e+01
3.66466113772057e+01
4.33707846358794e+01
4.93023238996646e+01
5.28860496991449e+01
5.95585210016246e+01
1.32403664790206e+01
1.53026778877333e+01
3.45469521791547e+01
3.11708605714094e+01
2.15598764770670e+01
2.30422881233126e+01
2.10447431238214e+01
3.06326052576443e+01
1.67332579528346e+01
2.57834390980273e+01
2.46958174209177e+01
1.92233259818175e+01
2.27548543498872e+01
2.60823661305704e+01
1.64104887887812e+01
2.19581260077974e+01
2.81267302735399e+01
3.20307710739322e+01
2.22918581691046e+01
1.46673339095288e+01
1.75540053573982e+01
1.36128584785193e+01
3.19675236230227e+01
3.12418718813986e+01
2.50151819261525e+01
4.78514867388282e+01
2.82710538913069e+01
3.75013657614350e+01
3.32975202723089e+01
3.89854994175176e+01
4.61799528293465e+01
3.33392569086321e+01
6.39381093840629e+01
4.27661664588964e+01
5.09378875891371e+01
5.81662780435951e+01
5.82180317512037e+01
4.14780203132701e+01
3.10185368728167e+01
2.66986771261129e+01
2.97240770139277e+01
1.08242668595203e+01
4.39997786199003e+01
4.99412702799702e+01
5.08921922377869e+01
4.79532342234798e+01
3.01049085328525e+01
2.76492974208122e+01
2.76856426554952e+01
1.71441562982881e+01
1.48017493520547e+01
2.04814961004862e+01
2.69343837075086e+01
2.46805287526023e+01
2.50231807175062e+01
2.49987046113577e+01
2.42795094378539e+01
2.69037106256606e+01
2.85438619157963e+01
2.64902490103920e+01
2.66846703730759e+01
2.79866613108614e+01
3.56342153413713e+01
3.03044013409035e+01
2.79167472050318e+01
1.28064555955617e+01
3.38278972215778e+01
2.73948279977522e+01
1.76852918111380e+01
2.39549641037303e+01
1.69954091855227e+01
1.07926696079473e+01
2.63745692607197e+01
2.01553398600472e+01
3.39591891175156e+01
2.65326558052522e+01
2.21983598053790e+01
2.99963030973574e+01
3.71250307542662e+01
2.98619484584441e+01
2.50929369850275e+01
2.70663229181096e+01
2.46366946541605e+01
2.65203262476044e+01
2.76080011336417e+01
2.62761502401417e+01
2.37408545735035e+01
3.28106071161090e+01
2.76264192585176e+01
2.60026592767702e+01
2.39908042294847e+01
2.27122077812478e+01
3.01021877480971e+01
3.04064601213283e+01
3.64001084221753e+01
3.76608506772944e+01
1.81675296434581e+01
9.92024390596180e+00
1.14032700775714e+01
1.46024400289753e+01
1.12549759352492e+01
1.25849536536889e+01
1.62344146867464e+01
1.76593905890997e+01
1.16165948627351e+01
1.33009433281336e+01
1.67696925888700e+01
1.83478203433590e+01
2.57871887331705e+01
3.26897371677048e+01
2.64234720031807e+01
2.84868246963777e+01
1.33201275263018e+01
1.99623109021976e+01
1.48216731172763e+01
1.12773565065069e+01
1.34025912243509e+01
1.58991197477324e+01
1.84146743457401e+01
1.97562026708806e+01
1.21188860192237e+01
7.28211858169713e+00
1.20665475421615e+01
1.06400262160388e+01
2.95219973125240e+01
3.23217288546460e+01
3.93737063090540e+01
3.30201231020763e+01
2.04949195128675e+01
2.94650571974472e+01
3.99850756481906e+01
1.29133531260489e+01
1.58591622118442e+01
1.80994580038479e+01
2.11930025177646e+01
2.23185840882767e+01
2.62154288170744e+01
3.68733867930225e+01
8.40993144134541e+00
9.75722902736521e+00
1.23684924064215e+01
9.07582246816068e+00
7.29551476099331e+00
1.22980793186478e+01
1.33956698316602e+01
1.38135467093925e+01
1.59903831907542e+01
1.72784342720968e+01
1.14735703442805e+01
1.44462917426711e+01
1.36219577631077e+01
9.11154659947914e+00
1.13352666806390e+01
1.39139736459507e+01
1.63949291306363e+01
1.78886093893850e+01
1.87222111766029e+01
1.38335793767884e+01
1.49940447572779e+01
1.85794394582446e+01
1.99672587269290e+01
1.88152105693640e+01
1.73084449299189e+01
1.64039328989629e+01
1.71467153428976e+01
2.00465748885041e+01
2.33750431280038e+01
6.61761790532293e+00
1.08518315549222e+01
6.25861700211791e+00
2.10006468100073e+01
2.96781921701660e+01
3.14531469989498e+01
3.49416751162374e+01
3.03420793434584e+01
4.04504995045396e+01
4.30921699016129e+01
4.37423371274423e+01
4.56680710401130e+01
4.35400145868422e+01
4.08108627775574e+01
4.43697330578656e+01
2.30982958154631e+01
3.11805481395222e+01
3.85246545110484e+01
4.37505560179467e+01
5.14496332099938e+01
5.83302222517287e+01
6.60383648659596e+01
1.54403433071104e+01
2.54027767640942e+01
3.33331419254741e+01
4.03025071661764e+01
4.78479490685644e+01
5.57721401692365e+01
6.29040878392202e+01
6.01192371670305e+00
3.09472296878441e+01
3.49196844476036e+01
3.21384097435115e+01
4.04172005805619e+01
2.27179667506443e+01
2.39710130556185e+01
2.58453526101366e+01
2.30587365342137e+01
2.37389856264727e+01
2.75900836127848e+01
2.91761456668374e+01
4.31080285772845e+01
3.14090048734637e+01
3.75062588097095e+01
4.66528556002283e+01
5.60411561671324e+01
6.54801813701506e+01
6.91015620719221e+01
7.19315330942194e+01
2.40721768581788e+01
2.68559355642620e+01
2.58151778990662e+01
2.63635044276276e+01
2.53146011769192e+01
2.91274990085156e+01
9.79234644161918e+00
3.55460388620205e+01
2.89103677549354e+01
2.33448195844954e+01
2.34455444962807e+01
3.32816961706200e+01
2.92402326501046e+01
4.22641675448665e+01
3.23464088180526e+01
2.78335666350334e+01
1.46858587105573e+01
2.77484530954557e+01
8.66656975083968e+00
2.80446418216483e+01
8.08676306669743e+00
1.48448691649082e+01
9.07151478230743e+00
1.77701334802562e+01
1.64133492907534e+01
1.51615063117050e+01
4.01441867515078e+01
2.38564141772050e+01
2.47169803401873e+01
3.57338786407909e+01
2.92533232133490e+01
1.81173512159880e+01
1.71558453282406e+01
2.79175992250808e+01
2.35394913805547e+01
1.53262419845314e+01
2.07883804933523e+01
2.06877388568812e+01
2.25224773490281e+01
1.47920143697424e+01
1.29563390477095e+01
1.79758364858138e+01
1.73513686580116e+01
1.78724041060197e+01
1.56887338370181e+01
1.14825446343460e+01
1.26436550384849e+01
2.59542865519478e+01
3.86295101376170e+01
2.52296710991879e+01
2.92349072445376e+01
2.92285289130103e+01
2.17744224316108e+01
2.93739528348068e+01
3.31190395980691e+01
2.71708414748414e+01
3.87026827984572e+01
3.53537278913263e+01
3.13347823134209e+01
1.33879824964111e+01
5.66476757274905e+01
5.09564703013027e+01
1.39683096506495e+01
1.12263565755514e+01
1.58117589498008e+01
6.04372468246406e+00
6.86875446680621e+00
8.25236861372038e+00
2.11509638824309e+01
2.87887134146551e+01
2.30614464521247e+01
1.33313549843768e+01
2.04191336859141e+01
1.83881581110901e+01
1.68743128312879e+01
2.68367400325206e+01
2.88121190100039e+01
1.75923011483147e+01
2.05615950169662e+01
2.56405596570786e+01
2.07045864003881e+01
1.83280470229459e+01
2.42596117540594e+01
2.68559410834137e+01
2.27941077575457e+01
3.29601622434403e+01
5.98206838939011e+01
1.31632374333544e+01
1.38867687999495e+01
1.63503033229662e+01
1.88797469921855e+01
2.03296943599893e+01
8.56315211992698e+00
2.18052322117827e+01
2.84309778148880e+01
3.70725178079232e+01
2.70685908760785e+01
3.74227130320191e+01
4.73431465383604e+01
5.71197805014412e+01
6.12142485571086e+01
6.48356529470774e+01
6.19238163866713e+01
3.65938518407982e+01
4.78003508376126e+01
5.25364148642091e+01
5.76062942224939e+01
5.66238296985850e+01
4.07961251509611e+01
2.97347669849175e+01
7.50587332797635e+01
4.28712971100489e+01
2.16043926149511e+01
3.86136190860801e+01
4.32229389473570e+01
2.80228126624582e+01
4.67365610452718e+01
3.29710253684867e+01
4.74088115425618e+01
4.32903239965264e+01
5.32197394900558e+01
5.60781091117308e+01
4.14784507439473e+01
1.49636884310273e+01
1.64504970128031e+01
2.32386845041974e+01
2.16627741111832e+01
1.97496954013690e+01
1.60507424705878e+01
1.40418882476596e+01
1.71323089127763e+01
1.97156855347003e+01
1.92526232353371e+01
4.00311635606676e+01
3.31471017141435e+01
3.59673074375864e+01
3.27956107563458e+01
3.05787394659716e+01
1.58659876339667e+01
1.31146770262852e+01
1.57481915554566e+01
1.83613349045771e+01
2.10086089409897e+01
2.68520756325546e+01
1.54473375224603e+01
1.01481360086401e+01
9.06172829079166e+00
1.23335954036723e+01
9.08971724634553e+00
7.47806899594307e+00
9.04910883452367e+00
1.04409914097858e+01
2.40899690597785e+01
2.47015670875539e+01
2.35969771125346e+01
2.92289609030439e+01
2.54484034556413e+01
9.22307397361459e+00
2.73518498021678e+01
2.52425094535312e+01
2.39023385519591e+01
2.06513101420092e+01
2.69977213698566e+01
1.59742504150917e+01
2.79371691259492e+01
1.93727496944837e+01
4.01638041864506e+01
3.24748029259057e+01
3.93992334006182e+01
2.56459918019848e+01
2.05613702177817e+01
3.24491490252749e+01
2.92970688634908e+01
2.76716636196491e+01
3.17385160215745e+01
5.79940267234741e+01
3.13751214391442e+01
2.00898211810697e+01
1.98203256030781e+01
2.32598734286126e+01
1.82578890436512e+01
1.63207496145863e+01
6.29577345935492e+00
4.32971611965485e+00
1.32234308727737e+01
3.39146133506484e+01
1.63466705435377e+01
3.35013877326604e+01
1.72175739735809e+01
3.33193442707789e+01
3.72912596287287e+01
2.29899408901262e+01
3.86672858610280e+01
3.84892070527477e+01
1.12715205581474e+01
1.87363728754960e+01
2.41605262976234e+01
2.61702072022407e+01
2.66087826471880e+01
2.44835275020828e+01
2.01777051044164e+01
2.80940979149719e+01
2.63427725590344e+01
2.83747282429161e+01
2.03121623973359e+01
2.76519997101645e+01
2.82994107049529e+01
2.50399024210946e+01
2.82515690412047e+01
2.66631864753295e+01
2.84585675735325e+01
2.27355418755319e+00
2.36968194305668e+00
1.72668491235041e+01
2.62366332934455e+01
3.14216455307827e+01
3.61614591428644e+01
4.07509657663431e+01
4.15710357503455e+01
3.99968134564703e+01
3.11688634115623e+01
3.63263716338811e+01
3.14108780607914e+01
2.11027443012182e+01
9.45941671767456e+00
2.84642509795230e+01
2.86882130890625e+01
2.72652009406283e+01
3.11500593841028e+01
3.32098587354593e+01
3.94355726087039e+01
4.01747574525441e+01
4.13970594294082e+01
3.76186987415286e+01
3.56772529042457e+01
3.29877351359202e+01
9.14326829524429e+00
1.98393650540906e+01
9.16589184754102e+00
1.24064370089478e+01
1.32126651004698e+01
1.96632073139691e+01
1.24853660011699e+01
1.27255519118435e+01
2.18046043328045e+01
9.95829330908411e+00
6.18841994621531e+00
3.48512979330882e+01
3.43242793637866e+01
6.53551493900905e+00
9.28355281379709e+00
1.09541587397734e+01
1.23250144421207e+01
1.36032540605096e+01
1.55112428721523e+01
7.03786017563691e+00
1.20102230913768e+01
9.79184901513192e+00
3.08194233547377e+01
2.78290913053597e+01
2.04359401953750e+01
3.09416802053408e+01
4.10582126909234e+01
2.22785877883749e+01
2.85817500473285e+01
3.96475592179065e+01
1.00944560157297e+01
1.02861029207970e+01
1.25482668757966e+01
4.38132564079843e+00
4.98649404143056e+01
4.67150729296290e+01
4.90182700473502e+01
4.27276841899148e+01
5.29770114683499e+01
7.56949277966931e+00
9.03126715711837e+00
1.53110261286719e+01
4.56490236234308e+01
3.64718513189358e+01
4.39600510967991e+01
2.37282299795823e+01
3.73252250331899e+01
3.21253171768199e+01
3.00601042352042e+01
3.48498584599082e+01
3.31531899106447e+01
2.93402316826104e+01
2.96138316671378e+01
2.75644108984500e+01
2.57810899203903e+01
3.02418241242996e+01
1.85168765966677e+01
1.70302595648725e+01
2.87837073097084e+01
2.61104721301259e+01
2.63998018384299e+01
2.88229619486720e+01
2.69302533566708e+01
2.67413225348393e+01
2.85587182972394e+01
1.94776581061059e+01
3.08810216164904e+01
4.21372927310585e+01
2.54919179951421e+01
2.48232089982758e+01
2.55246854095026e+01
2.56938812530637e+01
2.59228057638966e+01
2.11567851506452e+01
2.65607448643543e+01
2.59783761034417e+01
2.56520898785394e+01
2.47827591043791e+01
2.53400944213913e+01
2.38747254456955e+01
2.48187158196162e+01
2.83622072833230e+01
2.74999689890983e+01
2.71931177032997e+01
2.83972830819102e+01
3.64392017508719e+01
8.56156175231461e+00
1.03927997091673e+01
3.49846168849604e+00
1.05219201779505e+01
5.82722037471029e+00
1.31549367322353e+01
1.38066308911826e+01
1.95739260525873e+01
2.16463882660893e+01
2.38219000965688e+01
2.58329613613252e+01
2.57035525077272e+01
2.50581904566521e+01
2.68290813459489e+01
4.23937702099417e+00
7.07775601889250e+00
5.91087022018161e+00
9.31885773691457e+00
1.19640355429941e+01
1.33970414025606e+01
1.37009754854398e+01
1.40114099391613e+01
1.54260371861615e+01
1.82036044877940e+01
2.77925500280735e+01
3.62121915057476e+01
3.13272569168842e+01
2.71158892467339e+01
8.04108805572967e+00
8.43089082812726e+00
1.68898994104505e+01
3.91871098418527e+01
3.43093246621975e+01
4.91760436534635e+01
7.20472661923257e+01
6.06354495326548e+01
3.42819129727961e+01
1.97385585244166e+01
3.99177787543594e+01
4.51014914605750e+01
1.08119409373582e+01
1.17413338023231e+01
1.10703095167928e+01
2.71613503248982e+01
3.21557974137849e+01
3.50703041413114e+01
2.49022976327511e+01
3.89547670747945e+01
2.76404608141906e+01
4.22633785265795e+01
1.68997569208261e+01
2.04340439929081e+01
9.00567031869615e+00
1.22317566668577e+01
3.00827528420688e+01
2.87876168352975e+01
3.82233711648934e+01
3.58576996723627e+01
2.81867930325061e+01
2.53148120536227e+01
2.84638631645228e+01
3.03668230203678e+01
3.30325758564192e+01
3.27449929335877e+01
3.63470716821530e+01
1.63000990225947e+01
2.92661461906740e+01
2.86579803606059e+01
1.24894389872290e+01
1.32665191938651e+01
1.38695130177488e+01
1.08767880715803e+01
2.58365672679748e+01
1.40957207535078e+01
1.42641023410808e+01
1.46335207875071e+01
1.51183420138458e+01
1.16354257033463e+01
4.76616969524813e+01
2.04598404846069e+01
2.46952310713976e+01
1.36156867693175e+01
1.69014050508294e+01
1.03239404075102e+01
1.07377458033114e+01
8.87910840054954e+00
1.89283853935652e+01
1.00061456719773e+01
1.02973119196684e+01
1.36495112741847e+01
1.62662493093044e+01
2.10600320290317e+01
2.52646408912950e+01
2.65782190819576e+01
3.09489602450512e+01
3.36749018564333e+01
3.56590289814269e+01
3.11909590297992e+01
4.64998163457841e+01
2.74543506325089e+01
1.23894234920710e+01
1.28889148786356e+01
1.27650174832194e+01
1.19273709257355e+01
7.58390819805019e+00
1.26629749889724e+01
9.19184567958404e+00
1.90483986023632e+01
2.64919757489239e+01
3.34932686965045e+01
4.14268119384542e+01
4.95697145445734e+01
5.72442579411650e+01
6.01945342538191e+01
3.30341335826466e+01
5.83697705918619e+01
4.07323191837613e+01
3.31778861787680e+01
4.37829194542624e+01
5.40750923878974e+01
5.83098922106619e+01
6.25314015893919e+01
6.05159330704430e+01
4.37909572792348e+01
2.63555664610725e+01
3.14954231003470e+01
3.24716606189755e+01
2.90199916103819e+01
3.29792643529120e+01
3.08327305347734e+01
3.38427360205331e+01
2.52897227892885e+01
2.74090251090958e+01
1.37978544720428e+01
2.66111221680505e+01
2.40113122441126e+01
2.35073765592653e+01
2.44861634342838e+01
2.35655312472964e+01
2.56635869104105e+01
1.16575619846457e+01
2.77665198330234e+01
3.13553476562966e+01
2.61690830784691e+01
2.20737730005691e+01
4.15826733046447e+01
4.86326830197794e+01
5.11773045364487e+01
5.01163904640523e+01
4.64759041450330e+01
9.89926152070400e+00
3.62476324442675e+01
3.78510798072309e+01
3.08034321464029e+01
1.84626551554637e+01
1.58336926796952e+01
2.42693449886431e+01
2.31521383544938e+01
8.06934044096708e+00
4.07214184637648e+01
3.61677885059968e+01
3.13158674109466e+01
3.66368505781172e+01
3.92620546216825e+01
9.49067164983002e+00
7.32665972049945e+00
1.28247798833902e+01
2.99512367409802e+01
3.65575970325196e+01
4.04495398150147e+01
3.35283467866037e+01
3.02624524221181e+01
4.22011301281441e+01
3.88711851900337e+01
4.51222445340791e+01
5.39863480398874e+01
2.17552749604138e+01
3.34928034984796e+01
7.60769613542489e+00
9.69378561728382e+00
8.11387843737430e+00
1.16404786714118e+01
1.23650722202119e+01
1.34738006802798e+01
1.52061850162339e+01
1.55173288373962e+01
1.51703628856218e+01
1.53767032745115e+01
1.59596497901478e+01
2.39113071906740e+01
2.24258336086979e+01
2.02993751801082e+01
2.05011745314811e+01
2.16696134273193e+01
2.12683935555244e+01
2.11583213828596e+01
2.93498848742635e+01
3.23667831893073e+01
3.41961314191908e+01
3.35282241615913e+01
3.56542949313350e+01
3.48196226435203e+01
3.83916052824297e+01
2.80434451906698e+01
2.71666529832505e+01
1.00690570609818e+01
3.14287086370853e+01
2.51994665452493e+01
2.14669636991547e+01
9.68535956823132e+00
1.11369349429437e+01
2.15488013355454e+01
1.18677658688959e+01
2.00967651191121e+01
3.20152395147572e+01
4.56684660722081e+01
1.81310744250197e+01
2.33758944336004e+01
3.38347526124628e+01
2.76271047908137e+01
2.80547064380883e+01
3.20436932151653e+01
2.85112647536871e+01
2.05834870788035e+01
2.29597695301976e+01
2.53365946315871e+01
1.68975570276799e+01
1.38170743679940e+01
2.82795781439116e+01
3.92875529571717e+01
3.89409778012247e+01
3.35735842879168e+01
1.59780668072308e+01
1.56434036829564e+01
1.75336337371620e+01
1.53968165275083e+01
7.49972920514659e+00
9.58461110462121e+00
1.21590531248625e+01
1.45721875038049e+01
1.62124903498654e+01
1.72269445109084e+01
1.81216335319540e+01
6.28840310622705e+01
4.44562508438772e+01
3.54250739698710e+01
3.75423410739807e+01
3.41536662519918e+01
3.54934116874789e+01
6.57247680146995e+01
3.66667973827279e+01
2.18306812114690e+01
2.55850344256165e+01
2.55896290426127e+01
2.61331149965436e+01
2.85342179743001e+01
2.93967244390768e+01
3.13321632769533e+01
3.09128166745719e+01
3.87972818600345e+01
4.07784947610816e+01
4.57712395340531e+01
4.69873007515916e+01
4.53248419984225e+01
4.03233520529835e+01
2.32060792968676e+01
