21
# x y z
-10	0	0
-9	0	0
-8	0	0
-7	0	0
-6	0	0
-5	0	0
-4	0	0
-3	0	0
-2	0	0
-1	0	0
0	0	0
1	0	0
2	0	0
3	0	0
4	0	0
5	0	0
6	0	0
7	0	0
8	0	0
9	0	0
10	0	0
171
# a b m n rhoa k ma
1	2	3	4	1.04938777224873e+02	-1.88495559215388e+01	3.11928009542273e-04
2	3	4	5	1.04991915717282e+02	-1.88495559215388e+01	4.66363992126517e-04
3	4	5	6	1.05079656199184e+02	-1.88495559215388e+01	7.22022765816899e-04
4	5	6	7	1.05266354964874e+02	-1.88495559215388e+01	1.13967195526565e-03
5	6	7	8	1.05480915727211e+02	-1.88495559215388e+01	1.79019147730730e-03
6	7	8	9	1.05815739644893e+02	-1.88495559215388e+01	2.63866426328363e-03
7	8	9	10	1.05940702895186e+02	-1.88495559215388e+01	3.10303624443597e-03
8	9	10	11	1.05238195034119e+02	-1.88495559215388e+01	1.58636570703985e-03
9	10	11	12	1.04089544101386e+02	-1.88495559215388e+01	1.66488979502388e-03
10	11	12	13	1.04111872948795e+02	-1.88495559215388e+01	1.68331873787297e-03
11	12	13	14	1.05245134734386e+02	-1.88495559215388e+01	1.57731140314898e-03
12	13	14	15	1.05913137732213e+02	-1.88495559215388e+01	3.10919197622828e-03
13	14	15	16	1.05744051519490e+02	-1.88495559215388e+01	2.64296128757269e-03
14	15	16	17	1.05457672107465e+02	-1.88495559215388e+01	1.79189221453990e-03
15	16	17	18	1.05332143270119e+02	-1.88495559215388e+01	1.13952821970953e-03
16	17	18	19	1.05050987124408e+02	-1.88495559215388e+01	7.22391719415238e-04
17	18	19	20	1.04996333660624e+02	-1.88495559215388e+01	4.66218358357251e-04
18	19	20	21	1.04866615719624e+02	-1.88495559215388e+01	3.11720162125662e-04
1	2	4	5	1.28829224000306e+02	-7.53982236861549e+01	1.19529273431640e-03
2	3	5	6	1.28877237935284e+02	-7.53982236861549e+01	1.82035773052802e-03
3	4	6	7	1.29566998970627e+02	-7.53982236861549e+01	2.79981954766284e-03
4	5	7	8	1.30072422044851e+02	-7.53982236861549e+01	4.23228218593930e-03
5	6	8	9	1.30789622557087e+02	-7.53982236861549e+01	5.78765288163230e-03
6	7	9	10	1.30569123120692e+02	-7.53982236861549e+01	5.64804999621926e-03
7	8	10	11	1.27648547529827e+02	-7.53982236861549e+01	2.94609231699661e-04
8	9	11	12	1.22552660546044e+02	-7.53982236861549e+01	1.23137568939385e-02
9	10	12	13	1.19932585733227e+02	-7.53982236861549e+01	1.93027098587208e-02
10	11	13	14	1.22532131147104e+02	-7.53982236861549e+01	1.23708568351690e-02
11	12	14	15	1.27590723855946e+02	-7.53982236861549e+01	3.11703156318566e-04
12	13	15	16	1.30603601326870e+02	-7.53982236861549e+01	5.65266353392402e-03
13	14	16	17	1.30708483934617e+02	-7.53982236861549e+01	5.79484545165099e-03
14	15	17	18	1.30131198094685e+02	-7.53982236861549e+01	4.23268378169039e-03
15	16	18	19	1.29440357335088e+02	-7.53982236861549e+01	2.80356502816725e-03
16	17	19	20	1.28919254018804e+02	-7.53982236861549e+01	1.81971409041726e-03
17	18	20	21	1.28849774295291e+02	-7.53982236861549e+01	1.19411168833961e-03
1	2	5	6	1.55156904563660e+02	-1.88495559215388e+02	2.91523860558107e-03
2	3	6	7	1.55954888814417e+02	-1.88495559215388e+02	4.40567041545248e-03
3	4	7	8	1.57121431771199e+02	-1.88495559215388e+02	6.44324719073408e-03
4	5	8	9	1.57967959612348e+02	-1.88495559215388e+02	8.31375768059783e-03
5	6	9	10	1.56912355381837e+02	-1.88495559215388e+02	6.95928493563835e-03
6	7	10	11	1.50966981129367e+02	-1.88495559215388e+02	3.56302256270413e-03
7	8	11	12	1.41388812717064e+02	-1.88495559215388e+02	2.37162834770815e-02
8	9	12	13	1.34716454104456e+02	-1.88495559215388e+02	4.01351459336488e-02
9	10	13	14	1.34637318129267e+02	-1.88495559215388e+02	4.01956492053321e-02
10	11	14	15	1.41277548415870e+02	-1.88495559215388e+02	2.38003924379793e-02
11	12	15	16	1.50977101813009e+02	-1.88495559215388e+02	3.58407460766708e-03
12	13	16	17	1.56980907296940e+02	-1.88495559215388e+02	6.96091573126600e-03
13	14	17	18	1.58017237180621e+02	-1.88495559215388e+02	8.31434442942958e-03
14	15	18	19	1.56975340051411e+02	-1.88495559215388e+02	6.45181378817550e-03
15	16	19	20	1.55858957285290e+02	-1.88495559215388e+02	4.40897161671883e-03
16	17	20	21	1.55188411128062e+02	-1.88495559215388e+02	2.91327810820285e-03
1	2	6	7	1.78996749885633e+02	-3.76991118430775e+02	5.82259097538818e-03
2	3	7	8	1.80404402347213e+02	-3.76991118430775e+02	8.32519685098876e-03
3	4	8	9	1.81576088769633e+02	-3.76991118430775e+02	1.02703004826530e-02
4	5	9	10	1.79332280169546e+02	-3.76991118430775e+02	7.61942072149524e-03
5	6	10	11	1.70215372232113e+02	-3.76991118430775e+02	6.71622530772831e-03
6	7	11	12	1.56858236066699e+02	-3.76991118430775e+02	3.26169630241741e-02
7	8	12	13	1.47395954472177e+02	-3.76991118430775e+02	5.50147316592549e-02
8	9	13	14	1.44500793905025e+02	-3.76991118430775e+02	6.26873805940147e-02
9	10	14	15	1.47251984166136e+02	-3.76991118430775e+02	5.51068337874377e-02
10	11	15	16	1.56802853980658e+02	-3.76991118430775e+02	3.26902198799436e-02
11	12	16	17	1.70256845221960e+02	-3.76991118430775e+02	6.73651363341887e-03
12	13	17	18	1.79483079115376e+02	-3.76991118430775e+02	7.61594224836037e-03
13	14	18	19	1.81498031418364e+02	-3.76991118430775e+02	1.02769045850801e-02
14	15	19	20	1.80304125002363e+02	-3.76991118430775e+02	8.33138990518179e-03
15	16	20	21	1.78905008817632e+02	-3.76991118430775e+02	5.82424053231811e-03
1	2	7	8	1.99940001198497e+02	-6.59734457253855e+02	9.80739128767594e-03
2	3	8	9	2.01022245177197e+02	-6.59734457253855e+02	1.17248654999123e-02
3	4	9	10	1.97791259275160e+02	-6.59734457253855e+02	7.90521721883675e-03
4	5	10	11	1.85759127021445e+02	-6.59734457253855e+02	9.39084462114526e-03
5	6	11	12	1.69359016633793e+02	-6.59734457253855e+02	3.91311665994172e-02
6	7	12	13	1.58466143080710e+02	-6.59734457253855e+02	6.42555624420418e-02
7	8	13	14	1.54604665454959e+02	-6.59734457253855e+02	7.50029972991115e-02
8	9	14	15	1.54560018258302e+02	-6.59734457253855e+02	7.50250673969494e-02
9	10	15	16	1.58380278830984e+02	-6.59734457253855e+02	6.43173124780501e-02
10	11	16	17	1.69353556831894e+02	-6.59734457253855e+02	3.91862175872645e-02
11	12	17	18	1.85860186626391e+02	-6.59734457253855e+02	9.40675570837046e-03
12	13	18	19	1.97814299948204e+02	-6.59734457253855e+02	7.90593447875332e-03
13	14	19	20	2.00998867753913e+02	-6.59734457253855e+02	1.17261718673407e-02
14	15	20	21	1.99857068824926e+02	-6.59734457253855e+02	9.81016919794198e-03
1	2	8	9	2.16581932771042e+02	-1.05557513160617e+03	1.27216837481601e-02
2	3	9	10	2.12200676159781e+02	-1.05557513160617e+03	7.94325286607611e-03
3	4	10	11	1.97896174001397e+02	-1.05557513160617e+03	1.15743902981239e-02
4	5	11	12	1.79201745472516e+02	-1.05557513160617e+03	4.38381941854543e-02
5	6	12	13	1.67544477904830e+02	-1.05557513160617e+03	6.99756566120345e-02
6	7	13	14	1.63952191174333e+02	-1.05557513160617e+03	8.08071837869039e-02
7	8	14	15	1.63430247823741e+02	-1.05557513160617e+03	8.31095374167354e-02
8	9	15	16	1.63955484014001e+02	-1.05557513160617e+03	8.07959058926189e-02
9	10	16	17	1.67521316288083e+02	-1.05557513160617e+03	6.99999075168189e-02
10	11	17	18	1.79250478101147e+02	-1.05557513160617e+03	4.38719456469331e-02
11	12	18	19	1.97891620212067e+02	-1.05557513160617e+03	1.15939072961443e-02
12	13	19	20	2.12243268301241e+02	-1.05557513160617e+03	7.94138642630426e-03
13	14	20	21	2.16574850365433e+02	-1.05557513160617e+03	1.27181314515072e-02
1	2	9	10	2.22794557446665e+02	-1.58336269740927e+03	7.78026153139222e-03
2	3	10	11	2.06535890441126e+02	-1.58336269740927e+03	1.33893991195367e-02
3	4	11	12	1.86331562928961e+02	-1.58336269740927e+03	4.73087707425310e-02
4	5	12	13	1.74376189663724e+02	-1.58336269740927e+03	7.36058962050791e-02
5	6	13	14	1.71374835398763e+02	-1.58336269740927e+03	8.34983051867925e-02
6	7	14	15	1.71556428970247e+02	-1.58336269740927e+03	8.52854425753576e-02
7	8	15	16	1.71589868144594e+02	-1.58336269740927e+03	8.52600978554735e-02
8	9	16	17	1.71433022121804e+02	-1.58336269740927e+03	8.34502937049023e-02
9	10	17	18	1.74401607561511e+02	-1.58336269740927e+03	7.35990419493728e-02
10	11	18	19	1.86296944253300e+02	-1.58336269740927e+03	4.73561608262337e-02
11	12	19	20	2.06546097826601e+02	-1.58336269740927e+03	1.34059283285307e-02
12	13	20	21	2.22834621189595e+02	-1.58336269740927e+03	7.77579396684946e-03
1	2	10	11	2.11952541982994e+02	-2.26194671058463e+03	1.49502012067375e-02
2	3	11	12	1.90647321372392e+02	-2.26194671058463e+03	4.99878428200441e-02
3	4	12	13	1.78775230433261e+02	-2.26194671058463e+03	7.60633788923838e-02
4	5	13	14	1.76477481468228e+02	-2.26194671058463e+03	8.47364754897925e-02
5	6	14	15	1.77528693651498e+02	-2.26194671058463e+03	8.53143598389734e-02
6	7	15	16	1.78273803762367e+02	-2.26194671058463e+03	8.48116844846488e-02
7	8	16	17	1.77605962966852e+02	-2.26194671058463e+03	8.52600331440909e-02
8	9	17	18	1.76566926919902e+02	-2.26194671058463e+03	8.46652606127709e-02
9	10	18	19	1.78733488676898e+02	-2.26194671058463e+03	7.60767179787363e-02
10	11	19	20	1.90628012569291e+02	-2.26194671058463e+03	5.00231672815017e-02
11	12	20	21	2.11967329937560e+02	-2.26194671058463e+03	1.49638569900129e-02
1	2	11	12	1.92412658217904e+02	-3.11017672705390e+03	5.21341005950383e-02
2	3	12	13	1.80697133150763e+02	-3.11017672705390e+03	7.78743948849935e-02
3	4	13	14	1.79140049656842e+02	-3.11017672705390e+03	8.53771740896140e-02
4	5	14	15	1.81018528719315e+02	-3.11017672705390e+03	8.46795393301470e-02
5	6	15	16	1.82595059739557e+02	-3.11017672705390e+03	8.31153154791295e-02
6	7	16	17	1.82637423126255e+02	-3.11017672705390e+03	8.30878616500386e-02
7	8	17	18	1.81113008108509e+02	-3.11017672705390e+03	8.46107860835977e-02
8	9	18	19	1.79164856727760e+02	-3.11017672705390e+03	8.53306694908993e-02
9	10	19	20	1.80671850145848e+02	-3.11017672705390e+03	7.78698933621158e-02
10	11	20	21	1.92407750727694e+02	-3.11017672705390e+03	5.21552589230486e-02
1	2	12	13	1.80425982896465e+02	-4.14690230273857e+03	7.92858078594260e-02
2	3	13	14	1.79431640881765e+02	-4.14690230273857e+03	8.58032511283101e-02
3	4	14	15	1.82042524106549e+02	-4.14690230273857e+03	8.40069210399444e-02
4	5	15	16	1.84353495973211e+02	-4.14690230273857e+03	8.13750353969708e-02
5	6	16	17	1.85200008886808e+02	-4.14690230273857e+03	8.03629256191933e-02
6	7	17	18	1.84408798353867e+02	-4.14690230273857e+03	8.13353896824033e-02
7	8	18	19	1.82075470673857e+02	-4.14690230273857e+03	8.39617442838634e-02
8	9	19	20	1.79466013638743e+02	-4.14690230273857e+03	8.57419685196952e-02
9	10	20	21	1.80423323290046e+02	-4.14690230273857e+03	7.92570162215023e-02
1	2	13	14	1.77693295138906e+02	-5.39097299355998e+03	8.61467787200508e-02
2	3	14	15	1.80790670914051e+02	-5.39097299355998e+03	8.34925360873505e-02
3	4	15	16	1.83706803388509e+02	-5.39097299355998e+03	7.99910164819265e-02
4	5	16	17	1.85228175665700e+02	-5.39097299355998e+03	7.80306948823368e-02
5	6	17	18	1.85239818506106e+02	-5.39097299355998e+03	7.80187899142428e-02
6	7	18	19	1.83708737525467e+02	-5.39097299355998e+03	7.99697501543980e-02
7	8	19	20	1.80829508097512e+02	-5.39097299355998e+03	8.34352413141189e-02
8	9	20	21	1.77749506797942e+02	-5.39097299355998e+03	8.60602984213280e-02
1	2	14	15	1.77664074187862e+02	-6.86123835544022e+03	8.31534408117206e-02
2	3	15	16	1.80946382850990e+02	-6.86123835544022e+03	7.90090154323746e-02
3	4	16	17	1.83000199026402e+02	-6.86123835544022e+03	7.63120382297684e-02
4	5	17	18	1.83659600751961e+02	-6.86123835544022e+03	7.53951686225295e-02
5	6	18	19	1.82966968625474e+02	-6.86123835544022e+03	7.63136969630850e-02
6	7	19	20	1.80955926561077e+02	-6.86123835544022e+03	7.89753970521324e-02
7	8	20	21	1.77725637448552e+02	-6.86123835544022e+03	8.30718696939228e-02
1	2	15	16	1.76515342282566e+02	-8.57654794430010e+03	7.83631692305791e-02
2	3	16	17	1.78879632392333e+02	-8.57654794430010e+03	7.51452064111916e-02
3	4	17	18	1.80036349352711e+02	-8.57654794430010e+03	7.35513810963201e-02
4	5	18	19	1.79998930888883e+02	-8.57654794430010e+03	7.35614210277518e-02
5	6	19	20	1.78857189214648e+02	-8.57654794430010e+03	7.51335699959879e-02
6	7	20	21	1.76551953310783e+02	-8.57654794430010e+03	7.83048133160357e-02
1	2	16	17	1.73329181240854e+02	-1.05557513160616e+04	7.44087313936163e-02
2	3	17	18	1.74776351946618e+02	-1.05557513160616e+04	7.23505522507564e-02
3	4	18	19	1.75232346384645e+02	-1.05557513160616e+04	7.16997975114768e-02
4	5	19	20	1.74752416282385e+02	-1.05557513160616e+04	7.23464168525035e-02
5	6	20	21	1.73338679286698e+02	-1.05557513160616e+04	7.43714476999127e-02
1	2	17	18	1.68340937304496e+02	-1.28176980266464e+04	7.16344266728990e-02
2	3	18	19	1.69091547164727e+02	-1.28176980266464e+04	7.05385795231515e-02
3	4	19	20	1.69102190581075e+02	-1.28176980266464e+04	7.05254016356952e-02
4	5	20	21	1.68352600744934e+02	-1.28176980266464e+04	7.16035691335071e-02
1	2	18	19	1.62021501066550e+02	-1.53812376319761e+04	6.98942193079030e-02
2	3	19	20	1.62330372583180e+02	-1.53812376319761e+04	6.94414449615431e-02
3	4	20	21	1.62066327915861e+02	-1.53812376319761e+04	6.98545055805389e-02
1	2	19	20	1.54856393455877e+02	-1.82652196879705e+04	6.88927635828234e-02
2	3	20	21	1.54891298591740e+02	-1.82652196879705e+04	6.88657282109567e-02
1	2	20	21	1.47214146027909e+02	-2.14884937505537e+04	6.84226225650156e-02
0
